1
1
1
1
1
1
1
1
1
1
1
1
1
1
1
1
1
1
1
1
1
1
1
1
1
1
1
1
1
27.632944 26.437782 421 3
27.619593 26.454567 421 3
27.632944 26.527809 0 0
1
27.606241 26.707867 0 0
27.606241 26.767376 0 0
27.606241 26.678873 0 0
27.592890 26.601053 0 0
27.606241 26.977951 0 0
1
27.563517 27.594416 0 0
1
27.592890 26.871138 0 0
1
27.592890 26.781109 0 0
27.606241 26.886396 0 0
27.563517 26.945908 0 0
27.592890 27.745480 0 0
27.606241 28.268864 0 0
27.576868 27.969788 0 0
27.592890 27.260242 0 0
27.576868 27.113756 0 0
27.592890 27.609674 0 0
27.606241 27.640192 0 0
27.632944 28.616770 0 0
27.606241 29.265278 0 0
27.592890 28.465706 0 0
27.576868 27.531853 0 0
27.592890 27.083239 0 0
27.550163 26.752117 0 0
27.563517 26.598001 0 0
27.606241 26.555275 0 0
27.592890 26.482033 0 0
27.592890 26.405737 0 0
27.592890 26.424047 0 0
27.592890 26.449989 0 0
27.619593 26.514076 0 0
27.619593 26.556801 0 0
27.619593 26.710918 400 0
27.632944 26.829939 400 0
27.646296 26.697186 400 0
